7.82
7.41
8.46
10.31
13.38
11.84
13.29
10.72
11.76
10.31
9.91
9.43
9.19
9.02
8.62
8.54
8.86
9.1
9.27
9.59
10.64
12.17
12.81
12.33
11.92
11.92
12.17
12.33
10.39
10.96
11.44
11.36
11.84
11.2
12.17
11.92
11.92
12.73
12.89
15.47
17
14.91
13.62
12.89
12.33
12.33
11.36
10.96
11.36
10.15
9.35
9.59
9.59
9.67
9.19
9.02
8.94
8.38
8.3
8.14
8.3
8.54
9.02
9.27
9.02
9.02
8.38
8.46
7.9
7.17
7.25
7.33
7.41
7.98
7.65
7.41
7.57
7.41
7.49
7.49
8.14
8.38
8.22
8.46
7.98
8.06
8.06
8.54
9.75
12.17
15.23
15.79
15.39
14.34
13.78
13.21
12.65
11.84
11.84
11.6
11.04
10.64
10.39
10.15
9.67
9.67
9.91
9.91
9.91
9.71
9.51
9.32
9.12
9.22
9.22
8.92
8.82
8.82
8.82
8.72
8.34
8.14
8.14
8.04
8.04
8.04
8.14
8.24
8.34
8.53
8.63
8.53
8.72
9.11
8.92
8.82
9.21
9.21
9.4
9.9
10.0
10.1
10.9
12.8
15.1
17.3
20.0
17.9
16.8
17.1
17.1
17.5
17.7
17.4
17.1
17.1
16.7
15.2
13.7
13.0
13.4
13.7
13.9
14.4
14.1
13.9
14.0
14.7
16.3
17.3
17.6
18.0
19.5
22.3
24.1
23.8
24.1
26.0
26.5
26.7
26.9
26.8
27.2
28.1
28.9
29.1
29.6
29.9
30.2
30.6
31.0
31.5
32.4
33.4
34.8
36.7
38.8
40.5
41.8
44.4
49.3
53.8
56.9
60.6
65.2
72.6
82.4
90.9
96.5
99.6
103.9
107.6
109.6
113.6
118.3
124.0
130.7
136.2
140.3
144.5
148.2
152.4
156.9
160.5
163.0
166.6
172.2
177.1
179.9
184.0
188.9
195.3
201.6
207.342
215.303
214.537
218.056
224.939
229.594
232.957
236.736
237.017
240.236