118.901
118.532
116.059
111.508
107.246
103.551
99.742092088296
95.536951859488
92.240695661768
86.588098998021
83.451138863412
80.200395826581
77.613731182722
73.783729734576
70.961913759456
67.134902470813
64.303307262108
59.015892575148
52.543265583086
44.299506554585
38.282127940254
29.977045058029
19.726139318544
18.426767234662
17.060370670216
15.240897864329
12.829619358264
9.874287532842
8.249371787357
5.439478729493
2.09882299518
1.020090674629
0.62295858992
0.391412349238
0.216515208981
0.108887079089
0.08461544827
0.06516566101
0.054295483853
0.046737940736
0.03873527201
0.030451780185
0.02735884369
0.022686000565
0.018691358706
0.017707502086
0.016870742623
0.016114224242
0.0192895
0.0188495
0.0182975
0.0175573
0.0169525
0.0165652
0.0164674
0.0162723
0.0160146
0.0152626
0.0148767
0.0132673
0.0126233
0.0120396
0.0103808
0.00990028
0.0100539
0.00879878
0.00781578
0.00737255
0.00699734