0.091
0.092
0.102
0.091
NA
0.087
NA
0.096
0.109
0.125
0.121
0.107
0.118
NA
0.089
0.097
0.139
0.127
0.125
NA
NA
NA
NA
0.116
0.11
NA
0.112
0.11
0.12
NA
NA
NA
NA
NA
NA
NA
0.099
0.111
0.142
0.14
0.107
0.116
0.11
0.112
0.126
0.099
0.103
0.127
0.144
0.141
0.137
0.125
0.133
0.134
0.121
0.123
0.128
0.127
0.135
0.119
0.137
0.134
0.165
0.17
0.146
0.164
0.16
0.145
0.162
0.144
0.134
0.149
0.138
0.157
0.152
0.153
0.131
0.14
0.128
0.11
0.117
0.134
0.155
0.146
0.146
0.167
0.173
0.165
0.146
0.156
0.158
0.162
0.154
0.147
0.139
0.135
0.148
0.15
0.145
0.158
0.182
0.19
0.19
0.161
0.157
0.17
0.179
0.238
0.243
0.189
0.149
0.165
0.175
0.223
0.195
0.171
0.182
0.159
0.141
0.153
0.165
0.166
0.178
0.18
0.153
0.146
0.144
0.151
0.142
0.129
0.12
0.15
0.131
0.136
0.133
0.145
0.132
0.138
0.162
0.164
0.136
0.16
0.186
0.208
0.171
0.166
0.17
0.179
0.184
0.184
0.176
0.178
0.176
0.172
0.193
0.203
0.188
0.176
0.18
0.192
0.193
0.255
0.199
0.185
0.197
0.176
0.204
0.201
0.162
0.154
0.147
0.171
0.175
0.163
0.16
0.163
0.157
0.164
0.155
0.146
0.136
0.169
0.193
0.161
0.144
0.147
0.151
0.151
0.173
0.171
0.163
0.168
0.177
0.196
0.177
0.16
0.158
0.148
0.158
0.17
0.182
0.196
0.172
0.162
0.163
0.158
0.16
0.176
0.19
0.168
0.176
0.159
0.168
0.163
0.152
0.153
0.164
0.159
0.152
0.155
0.187
0.185
0.168
0.152
0.179
0.165
0.158
0.166
0.164
0.206
0.214
0.184
0.145
0.15
0.152
0.151
0.144
0.162
0.168
0.155
0.161
0.158
0.161
0.164
0.162
0.155
0.148
0.156
0.158
0.166
0.163
0.163
0.18
0.18
0.148
0.139
0.152
0.155
0.162
0.169
0.166
0.17
0.17
0.165
0.152
0.152
0.152
0.158
0.161
0.171
0.172
0.162
0.164
0.182
0.2
0.183
0.163
0.163
0.167
0.164
0.168
0.165
0.175
0.169
0.159
0.159
0.156
0.144
0.17
0.16
0.163
0.154
0.178
0.184
0.172
0.175
0.165
0.16
0.166
0.164
0.143
0.147
0.15
0.168
0.193
0.171
0.173
0.184
0.163
0.179
0.181
0.2
0.212
0.193
0.193
0.187
0.172
0.168
0.187
0.248
0.208
0.208
0.211
0.214
0.211
0.189
0.21
0.219
0.222
0.199
0.191
0.199
0.214
0.208
0.223
0.238
0.266
0.283
0.22
0.22
0.267
0.334
0.362
0.328
0.302
0.298
0.348
0.41
0.436
0.321
0.338
0.355
0.384
0.383
0.4
0.41
0.358
0.369
0.342
0.344
0.374
0.368
0.358
0.388
0.405
0.46
0.409
0.415
0.45
0.419
0.419
0.397
0.447
0.445
0.427
0.428
0.451
0.523
0.525
0.449
0.464
0.512
0.507
0.465
0.485
0.547
0.6
0.633
0.717
0.662
0.558
0.575
0.58
0.561
0.533
0.543
0.575
0.584
0.594
0.672
0.687
0.618
0.638
0.663
0.693
0.688
0.672
0.683
0.692
0.695
0.65
0.615
0.641
0.721
0.697
0.68
0.698
0.703
0.656
0.652
0.672
0.776
0.827
0.77
0.756
0.766
0.772
0.789
0.798
0.826
0.759
0.719
0.771
0.739
0.755
0.745
0.756
0.788
0.902
0.98
0.962
0.93
0.907
0.832
0.79
0.706
0.677
0.766
0.792
0.849
0.906
0.854
0.906
0.918
0.838
0.836
0.799
0.76
0.75
0.747
0.798
0.788
0.791
0.766
0.805
0.89
0.853
0.755
0.794
0.826
0.838
0.792
0.818
0.808
0.801
0.808
0.84
0.754
0.739
0.713
0.707
0.735
0.727
0.819
0.89
0.882
0.843
0.924
0.938
0.981
0.917
0.854
0.79
0.783
0.757
0.805
0.772
0.765
0.762
0.798
0.944
0.98
0.91
0.857
0.861
0.887
0.82
0.858
0.843
0.819
0.801
0.858
0.829
0.815
0.819
0.822
0.861
0.884
0.862
0.948
0.908
0.837
0.778
0.747
0.772
0.794
0.816
0.821
0.801
0.776
0.802
0.885
0.9
0.821
0.77
0.753
0.777
0.824
0.798
0.817
0.808
0.815
0.816
0.859
0.842
0.845
0.825
0.862
0.956
0.908
0.837
0.848
0.832
0.859
0.875
0.904
0.938
0.922
0.995
0.966
0.924
0.925
0.978
1.003
1.009
1.019
1.005
0.952
0.992
1.006
0.954
0.966
1.025
1.043
1.065
1.048
1.012
0.991
1.009
1.016
1.043
1.073
1.066
1.053
1.093
1.116
1.241
1.304
1.238
1.218
1.305
1.588
1.683
1.436
1.404
1.457
1.58
1.581
1.611
1.644
1.767
1.807
1.767
1.925
1.965
1.833
1.731
1.675
1.751
1.756
1.69
1.604
1.504
1.407
1.415
1.457
1.562
1.526
1.481
1.497
1.457
1.432
1.412
1.38
1.351
1.334
1.302
1.362
1.411
1.424
1.457
1.42
1.41
1.362
1.306
1.282
1.296
1.324
1.403
1.277
1.236
1.199
1.171
1.18
1.267
1.366
1.372
1.372
1.344
1.274
1.28
1.365
1.374
1.374
1.34
1.304
1.341
1.384
1.448
1.425
1.388
1.34
1.377
1.436
1.447
1.381
1.361
1.363
1.362
1.321
1.261
1.288
1.271
1.273
1.273
1.23
1.187
1.177
1.153
1.151
1.16
1.165
1.174
1.179
1.156
1.126
1.11
1.108
1.13
1.151
1.139
1.185
1.181
1.181
1.194
1.19
1.194
1.192
1.212
1.228
1.23
1.256
1.259
1.295
1.303
1.336
1.6
1.891
2.288
2.632
2.79
3.192
2.89
2.348
2.248
2.248
2.248
2.209
2.148
2.128
2.109
2.028
1.887
1.847
1.806
1.806
1.847
1.887
1.987
2.008
2.068
2.348
2.589
2.751
2.851
2.911
2.971
3.091
3.277
3.526
3.629
3.742
4.082
4.456
4.592
4.683
4.887
5.137
5.318
5.488
5.511
5.568
5.76
6.01
6.123
6.327
6.622
6.883
7.064
7.393
7.79
8.289
9.071
9.718
10.602
12.303
15.285
17.814
20.637
22.349
25.343
29.901
33.451
36.331
37.998
39.891
42.318
43.758
45.583
47.817
51.536
56.412
59.723
61.957
62.944
64.463
66.697
68.307
70.45
72.865
73.988
76.176
77.526
78.818
81.098
83.513
85.871
88.615
92.414
96.082
95.589
100
105.207
108.56
111.87
114.51
115.63
117.669